# id	left	top	right	bottom	texture_id
[SPRITES]
#FLOWER_IN_BRICK L //nếu mario lại gần 1 khoảng nhất định thì trồi lên bắn
81001	15	545	30	550	15
81002	15	545	30	565	15
81003	15	545	30	577	15

#FLOWER_IN_BRICK R
81004	365	545	380	550	15
81005	365	545	380	565	15
81006	365	545	380	577	15

#IDLE L & R
81007	15	545	30	577	15
81008	364	545	380	577	15

#DIVE L & R
81009	15	545	30	577	15
81010	15	545	30	565	15
81011	15	545	30	550	15

81012	365	545	380	577	15
81013	365	545	380	565	15
81014	365	545	380	550	15

[ANIMATIONS]
#RISE_LEFT & R
81500	81001	120	81002	120	81003	120
81600	81004	80	81005	80	81006	80

#IDLE_L & R
81550	81007	100
81650	81008	100

#DIVE L & R
81700	81009	80	81010	80	81011	80
81750	81012	80	81013	80	81014	80