# id	left	top	right	bottom	texture_id
[SPRITES]
#Hud
100000	0	0	271	31	100

#Nb 0 -> 9
0	32	32	41	39	110
1	43	32	50	39	110
2	52	32	61	39	110
3	62	32	71	39	110
4	72	32	81	39	110
5	82	32	91	39	110
6	92	32	101	39	110
7	102	32	111	39	110
8	112	32	121	39	110
9	122	32	131	39	110

#M
13	14	90	31	97	110

#P
16	43	52	50	59	110

#A
17	133	32	140	39	110

#U
18	93	52	100	59	110

#S
19	73	52	80	59	110

#E
22	53	42	60	49	110

#SPEED BAR
30	2	32	11	39	110

#P Button
31	12	32	27	39	110

[ANIMATIONS]
#Hud
100000	100000	100

#Number
0	0	100
1	1	100
2	2	100
3	3	100
4	4	100
5	5	100
6	6	100
7	7	100
8	8	100
9	9	100

#M
13	13	100

#P
16	16	100

#A
17	17	100

#U
18	18	100

#S
19	19	100

#E
22	22	100

#Sp bar
30	30	100

#P Button
31	31	100