# id	left	top	right	bottom	texture_id
[SPRITES]
#WALK RIGHT
36501	655	66	671	92	10
36502	638	66	654	92	10

#WALK LEFT
36001	70	65	87	92	10
36002	88	66	104	92	10

#SLEEP
37001	70	123	86	138	10

#SLEEP REVERSE
37501	210	348	227	364	10

#SLIP
38001	105	123	120	138	10
38002	122	123	137	138	10
38003	70	123	86	138	10

#SLIP REVERSE
38501	252	349	268	365	10
38502	269	349	285	365	10
38503	286	349	302	365	10

#REBORN
40001	49	138	66	154	10

#REBORN REVERSE
40501	230	347	248	365	10

#JUMP RIGHT
71501	655	94	670	121	10
71502	603	94	619	121	10

#JUMP LEFT
71001	70	94	87	121	10
71002	121	94	138	121	10

#DIE
39001	210	348	227	364	10

# ani_id	sprite1_id	time1	sprite2_id	time2	...
[ANIMATIONS]

#WALK RIGHT
50500	36501	100	36502	100

#WALK LEFT
50000	36001	100	36002	100

#SLEEP
50005	37001	100

#SLEEP REVERSE
50010	37501	100

#SLIP
50015	37001	45	38001	45	38002	45	38003	45

#SLIP REVERSE
50020	37501	45	38501	45	38502	45	38503	45

#REBORN
50030	37001	100	40001	100

#REBORN REVERSE
50035	37501	100	40501	100

#DIE
50025	39001	100

#JUMP RIGHT
60500	71501	100	71502	100

#JUMP LEFT
60000	71001	100	71002	100